1.0      -0.0011719
0.997260232237      -0.000769195403045
0.994414244863      -0.0003490659373
0.9914579263      8.92692735636e-05
0.988387005577      0.000546624180843
0.985197046197      0.00102384643693
0.981883439602      0.00152181787754
0.97844139831      0.00204145480793
0.974865948783      0.00258370802622
0.97115192391      0.00314956254206
0.967293955212      0.00374003689772
0.96328646459      0.00435618203218
0.959123655711      0.0049990795727
0.954799504941      0.00566983944613
0.950307751785      0.00636959668092
0.945641888848      0.0070995072353
0.940795151211      0.00786074268302
0.935760505194      0.00865448355104
0.930530636471      0.00948191106791
0.925097937471      0.0103441970628
0.919454494005      0.0112424917098
0.91359207102      0.0121779087907
0.907502097514      0.0131515080815
0.901175650402      0.014164274482
0.894603437413      0.0152170934208
0.887775778864      0.0163107220803
0.880682588324      0.0174457559482
0.873313352141      0.0186225902028
0.86565710781      0.0198413754559
0.857702421275      0.021101967414
0.849437363237      0.0224038700902
0.841170797896      0.023696166198
0.83290245508      0.0249770390843
0.824632070995      0.0262446633339
0.816359390658      0.0274972125301
0.808084170297      0.0287328671019
0.799806179661      0.0299498221491
0.791525204188      0.031146295131
0.783241046983      0.0323205333118
0.774953530612      0.0334708208509
0.766662498625      0.0345954854526
0.758367816832      0.0356929044861
0.75006937431      0.036761510506
0.741767084107      0.0377997961234
0.733460883684      0.0388063181848
0.725150735061      0.0397797012394
0.716836624713      0.0407186402865
0.708518563212      0.0416219028115
0.700196584651      0.0424883301322
0.691870745866      0.0433168380874
0.683541125489      0.0441064171118
0.67520782286      0.0448561317458
0.666870956819      0.0455651196369
0.658530664422      0.0462325900925
0.650187099591      0.0468578222435
0.641840431731      0.0474401628819
0.633490844333      0.0479790240315
0.625138533589      0.0484738803083
0.61678370702      0.0489242661263
0.60842658216      0.0493297727976
0.600067385264      0.0496900455727
0.591706350103      0.0500047806612
0.583343716794      0.0502737222699
0.574979730725      0.0504966596882
0.566614641534      0.0506734244482
0.558248702165      0.0508038875811
0.549882168001      0.0508879569882
0.541515296054      0.0509255749422
0.533148344236      0.0509167157276
0.524781570683      0.0508613834319
0.516415233144      0.0507596098914
0.508049588419      0.0506114527965
0.499684891854      0.0504169939594
0.491321396873      0.0501763377446
0.482959354557      0.0498896096629
0.474599013251      0.0495569551287
0.466240618201      0.0491785383781
0.457884411221      0.0487545415496
0.449530630369      0.048285163924
0.441179509643      0.0477706213237
0.432831278684      0.0472111456719
0.424486162479      0.0466069847119
0.416144381066      0.0459584018875
0.407806149227      0.0452656763892
0.399471676173      0.0445291033677
0.391141165205      0.0437489943225
0.382814813359      0.042925677673
0.374492811004      0.0420594995203
0.366175341424      0.0411508246139
0.357862580337      0.0402000375385
0.349554695375      0.0392075441379
0.341251845487      0.0381737732003
0.332954180289      0.0370991784329
0.324661839313      0.0359842407566
0.316374951179      0.0348294709641
0.30809363263      0.0336354127844
0.299817987477      0.0324026464182
0.291548105363      0.0311317926045
0.283284060373      0.0298235173097
0.275025909449      0.0284785371345
0.266773690574      0.0270976255654
0.258527420686      0.025681620214
0.25028709329      0.0242314312324
0.24205267571      0.0227480511265
0.233824105899      0.0212325662418
0.225601288762      0.0196861702728
0.217384091887      0.018110180227
0.209172340548      0.0165060553853
0.200965811903      0.0148754199669
0.192764228128      0.0132200903726
0.184567248399      0.0115421081875
0.176374459353      0.00984378043154
0.168185363804      0.00812772907631
0.159999367305      0.00639695250058
0.151815762025      0.0046549024967
0.143633707504      0.00290558184191
0.135694519306      0.00120554274142
0.127989947329      -0.000441730981081
0.120511971332      -0.00203276874125
0.113252795403      -0.00356406308265
0.106204842526      -0.00503201329189
0.0993607504457      -0.0064328604297
0.0927133692947      -0.00776261098097
0.0862557620312      -0.00901694532613
0.0799812090536      -0.010191105944
0.0738832193948      -0.0112797583072
0.0679555520444      -0.0122768147321
0.0621922533554      -0.0131752074183
0.0565877199541      -0.0139665910941
0.0511368034067      -0.0146409469295
0.0458349839385      -0.0151860465461
0.0406786614375      -0.0155867159906
0.0356656501077      -0.0158238127551
0.0307960355846      -0.015872794643
0.026073692077      -0.0157017285915
0.0215090206828      -0.0152686106664
0.0171239410687      -0.0145181232263
0.0129608345072      -0.0133789867755
0.00909721686537      -0.0117661909508
0.00566372971725      -0.00959889944239
0.00284787570095      -0.00684717946751
0.000859382937264      -0.0035881761926
0.0      0.0
0.000171054250235      0.00363739771167
0.000663460863427      0.00734863530563
0.00141314281069      0.0111234503556
0.00238439176253      0.0149584569538
0.00355625355293      0.0188525104326
0.00491627720964      0.0228051598224
0.00645732267275      0.0268160556219
0.00817578915134      0.0308846976249
0.0100705644077      0.0350103160819
0.0121423665318      0.0391918088277
0.0143933116323      0.0434277029236
0.0168266174345      0.0477161274535
0.0194463914296      0.0520547916649
0.0222574729791      0.056440966179
0.0252653103146      0.0608714664693
0.0284758603221      0.0653426388222
0.0318955030771      0.0698503492419
0.0355309659145      0.0743899761943
0.0393892534906      0.0789564080053
0.0434775816815      0.0835440459156
0.0478033140223      0.0881468136278
0.0523739001966      0.0927581741433
0.0571968166124      0.0973711544159
0.0622795095997      0.101978378106
0.0676293421358      0.106572106376
0.0732535452281      0.111144286224
0.0791591752621      0.115686605455
0.0853530786107      0.120190552891
0.0918418647126      0.124647482006
0.0986318887714      0.129048675927
0.105729243807      0.133385410728
0.112937148653      0.137535844892
0.120247054579      0.14150390953
0.127650904905      0.145293832162
0.135141137274      0.148910069064
0.142710680365      0.152357240355
0.150352945327      0.155640069335
0.158061812514      0.158763327093
0.165831614311      0.161731782987
0.173657114813      0.164550161281
0.18153348724      0.16722310391
0.189456289782      0.169755139172
0.197421440604      0.172150655988
0.205425192549      0.174413883262
0.213464108024      0.176548873855
0.221535034441      0.178559492631
0.229635080486      0.180449408069
0.237761593446      0.182222086944
0.245912137692      0.18388079161
0.254084474433      0.185428579482
0.262276542765      0.18686830433
0.270486442016      0.188202619068
0.278712415355      0.189433979745
0.286952834662      0.190564650505
0.295206186536      0.191596709303
0.303471059447      0.192532054214
0.311746131914      0.193372410192
0.320030161663      0.194119336163
0.328321975701      0.194774232377
0.336620461209      0.195338347932
0.344924557233      0.195812788434
0.353233247078      0.196198523757
0.361545551386      0.196496395863
0.369860521819      0.196707126697
0.378177235325      0.196831326126
0.386494788961      0.196869499945
0.394812295209      0.196822057947
0.403128877798      0.196689322074
0.411443667999      0.196471534669
0.419755801369      0.19616886683
0.428064414968      0.195781426912
0.436368645003      0.195309269164
0.444667624942      0.194752402534
0.452960484084      0.194110799658
0.461246346584      0.193384406031
0.469524330965      0.192573149365
0.477793550125      0.191676949151
0.486053111839      0.190695726388
0.494302119793      0.189629413488
0.502539675138      0.188477964326
0.510764878603      0.187241364382
0.518976833147      0.185919640968
0.527174647173      0.184512873446
0.535357438288      0.183021203404
0.543524337604      0.181444844685
0.55167449455      0.179784093215
0.559807082172      0.178039336504
0.567921302874      0.176211062741
0.57601639454      0.174299869357
0.584091636974      0.172306470955
0.592146358571      0.170231706489
0.600179943128      0.168076545568
0.608191836685      0.165842093801
0.616181554284      0.163529597054
0.624148686523      0.161140444544
0.632092905758      0.158676170701
0.640013971861      0.156138455715
0.647911737354      0.15352912476
0.655786151837      0.15085014585
0.663637265576      0.148103626343
0.671465232142      0.145291808127
0.679270310036      0.14241706153
0.687052863213      0.139481878026
0.694813360479      0.136488861838
0.702552373716      0.133440720543
0.71027057498      0.130340254805
0.717968732453      0.127190347374
0.725647705349      0.123993951495
0.733308437803      0.120754078879
0.740951951901      0.11747378737
0.748579339881      0.114156168493
0.756191755735      0.110804334967
0.763790406259      0.107421408368
0.771376541739      0.104010507045
0.778951446415      0.10057473439
0.786516428871      0.0971171675774
0.794072812495      0.0936408468468
0.801621926079      0.0901487654262
0.809165094826      0.0866438600973
0.816703631695      0.0831290025252
0.824238829304      0.0796069913305
0.831771952435      0.0760805449443
0.839304231199      0.0725522952571
0.846836854889      0.0690247820793
0.854370966611      0.0655004483791
0.86166445448      0.0620950528636
0.868725823594      0.0588063609342
0.875563130527      0.0556318477551
0.882184024515      0.0525687636634
0.888595784299      0.0496141902266
0.894805350772      0.0467650880408
0.900819356016      0.0440183371282
0.906644148738      0.0413707709813
0.912285816848      0.0388192049058
0.917750207163      0.0363604595576
0.923042942802      0.0339913802375
0.928169438542      0.0317088525439
0.933134914205      0.0295098149917
0.937944406587      0.0273912689378
0.942602780031      0.0253502862637
0.947114735714      0.023384015215
0.951484819987      0.0214896846181
0.955717431912      0.0196646067394
0.959816829904      0.0179061791004
0.963787137887      0.0162118853103
0.967632350756      0.014579295206
0.971356339507      0.0130060643213
0.974962855893      0.0114899328865
0.978455536684      0.0100287244546
0.981837907735      0.00862034417052
0.985113387705      0.00726277683445
0.988285291611      0.0059540847606
0.991356834094      0.00469240554269
0.994331132686      0.00347594965697
0.997211210694      0.00230299810374
1.0      0.0011719
