1.0      -0.0011719
0.997265578267      -0.000811030299626
0.994429196738      -0.000455685774713
0.991487066302      -0.000107746979649
0.988435277614      0.000230724731673
0.985269801101      0.000557485017665
0.981986487634      0.000870107733005
0.978581069425      0.00116599015581
0.975049160882      0.00144236280764
0.971386259216      0.00169630423483
0.967587744322      0.0019247608942
0.963648877695      0.00212457194037
0.95956479985      0.0022924983551
0.955330525943      0.0024252554419
0.950940939288      0.00251954734533
0.946390782591      0.00257210195945
0.94167464689      0.00257970443724
0.93678695836      0.00253922752935
0.931721963303      0.00244765718719
0.926473711737      0.00230211223937
0.921036040128      0.0020998574471
0.915402553763      0.00183830979729
0.909566609249      0.00151503842956
0.903521297485      0.00112775904862
0.897259427381      0.00067432400822
0.89077351043      0.000152709441545
0.884055746042      -0.000438999144032
0.877098007647      -0.00110262143575
0.869891829269      -0.00183989583524
0.862428392289      -0.00265249090405
0.854698512288      -0.00354201387894
0.846692625544      -0.00451001561847
0.83869198218      -0.00552045451927
0.830696273431      -0.00656923848621
0.822705183704      -0.00765266439107
0.814718396029      -0.00876736900449
0.806735595799      -0.00991028552245
0.798756473173      -0.011078605427
0.790780724621      -0.01226974522
0.782808053832      -0.0134813175168
0.774838172166      -0.014711105981
0.766870798788      -0.0159570436035
0.758905660694      -0.0172171938576
0.750942492482      -0.01848973436
0.742981036155      -0.0197729426481
0.735021040825      -0.0210651837971
0.727062262425      -0.022364899598
0.719104463413      -0.0236705990802
0.711147412486      -0.0249808501855
0.703190884343      -0.0262942724252
0.695234659421      -0.0276095303963
0.687278523723      -0.0289253280198
0.679322268624      -0.0302404034198
0.671365690747      -0.0315535243451
0.663408591844      -0.0328634840697
0.655450778728      -0.0341690977041
0.647492063227      -0.0354691988716
0.639532262176      -0.0367626366973
0.63157119744      -0.0380482730797
0.623608695958      -0.0393249802068
0.615644589835      -0.0405916382906
0.607678716456      -0.0418471334978
0.599710918625      -0.0430903560556
0.591741044749      -0.0443201985158
0.583768949039      -0.0455355541642
0.575794491753      -0.0467353155629
0.567817539461      -0.0479183732171
0.559837965352      -0.049083614357
0.551855649554      -0.0502299218329
0.543870479515      -0.0513561731142
0.535882350385      -0.0524612393963
0.527891165457      -0.0535439848068
0.51989683662      -0.0546032657195
0.511899284849      -0.0556379301724
0.503898440742      -0.0566468173919
0.495894245078      -0.0576287574315
0.487886649385      -0.0585825709313
0.479875616595      -0.0595070689945
0.471861121649      -0.0604010532068
0.46384315222      -0.0612633157877
0.455821709372      -0.0620926399028
0.44779680831      -0.062887800135
0.439768479113      -0.0636475631351
0.431736767478      -0.0643706884662
0.42370173551      -0.0650559296506
0.415663462478      -0.0657020354453
0.407622045575      -0.0663077513587
0.399577600664      -0.0668718214275
0.391530263017      -0.067392990274
0.383480188019      -0.0678700054639
0.375427551782      -0.0683016201877
0.367372551749      -0.068686596281
0.359315407193      -0.0690237076069
0.351256359614      -0.069311743817
0.343195673038      -0.0695495145079
0.335133634166      -0.069735853783
0.327070552336      -0.0698696252317
0.319006759342      -0.0699497273202
0.310942609011      -0.0699750991916
0.302878476536      -0.0699447268517
0.294814757549      -0.0698576497063
0.286751866944      -0.0697129673957
0.278690237331      -0.0695098468459
0.270630317208      -0.0692475294245
0.262572568826      -0.0689253380506
0.254517465691      -0.0685426840528
0.246465489812      -0.0680990735092
0.238417128697      -0.0675941127191
0.230372872154      -0.06702751235
0.222333209062      -0.0663990896789
0.214298624246      -0.065708768177
0.206269595637      -0.0649565734718
0.198246592122      -0.0641426244724
0.190230072368      -0.0632671180853
0.182220485313      -0.0623303055525
0.174218272819      -0.0613324578764
0.166223875649      -0.0602738171724
0.15823774377      -0.0591545299138
0.150260352722      -0.0579745570458
0.142292228053      -0.0567335546671
0.134333980728      -0.0554307174985
0.126607761824      -0.0541035361945
0.119107373894      -0.0527539416362
0.111826941937      -0.0513829508831
0.104760940802      -0.0499906362243
0.0979042288483      -0.0485761062233
0.0912520832444      -0.0471374999146
0.0848002387781      -0.0456719964248
0.0785449311423      -0.0441758420133
0.0724829458526      -0.0426443962437
0.0666116738411      -0.0410721983677
0.0609291748977      -0.0394530540278
0.0554342501502      -0.0377801408007
0.0501265252897      -0.036046128789
0.0450065475984      -0.0342433091565
0.0400759028142      -0.0323637189249
0.0353373635852      -0.0303992441676
0.0307950922148      -0.0283416758802
0.0264549394631      -0.02618268303
0.0223249146618      -0.0239136560964
0.0184159609592      -0.0215253636495
0.014743272853      -0.0190073612918
0.0113285760248      -0.0163471223094
0.00820409770564      -0.0135290116215
0.00541935849909      -0.0105337900272
0.00305176230261      -0.00734114559997
0.00121768085602      -0.00394220278553
6.21354850853e-05      -0.000372142682527
-0.000319      0.003255
-5.46534654672e-05      0.00671787523302
0.000753328257514      0.0102012599725
0.00209098479226      0.0136319643341
0.00390763686913      0.0169604897654
0.00613744868196      0.0201662019983
0.0087169150567      0.0232509191394
0.0115933869187      0.0262291000763
0.0147270999163      0.0291196912101
0.0180901554072      0.031940822884
0.0216644484179      0.0347070052053
0.0254393518162      0.0374282383699
0.0294094929326      0.0401104409481
0.0335728509112      0.0427565641677
0.0379293326207      0.0453678235324
0.0424798594206      0.0479446845875
0.047225877744      0.0504874808961
0.0521691535698      0.0529967074056
0.0573117222557      0.0554730949736
0.062655905052      0.0579175663845
0.0682043431817      0.0603311437105
0.0739600276037      0.0627148465485
0.0799263178571      0.065069599396
0.0861069501381      0.0673961539769
0.09250603726      0.0696950262802
0.0991280632726      0.0719664455774
0.105977875131      0.0742103121729
0.113060672922      0.0764261608452
0.120381999713      0.0786131275562
0.12794773145      0.0807699175611
0.135764067742      0.0828947738148
0.143605084958      0.084926680719
0.15146872281      0.0868692183546
0.159353196942      0.0887253879494
0.167256945418      0.0904977013262
0.175178585901      0.0921882564852
0.183116881222      0.0937988019223
0.191070711518      0.0953307917432
0.199039051616      0.0967854332282
0.207020952557      0.0981637281347
0.215015526551      0.0994665087913
0.223021934742      0.10069446979
0.231039377255      0.101848195919
0.23906708521      0.102928186857
0.247104314366      0.103934879019
0.255150340167      0.104868664885
0.263204453975      0.105729910069
0.271265960326      0.106518968328
0.279334175061      0.107236194685
0.287408424199      0.107881956815
0.295488043426      0.108456644807
0.303572378153      0.108960679424
0.311660783944      0.109394518944
0.319752627316      0.109758664699
0.327847286843      0.110053665391
0.335944154372      0.11028012027
0.344042636442      0.110438681286
0.352142155733      0.110530054287
0.36024215254      0.110554999362
0.368342086226      0.110514330423
0.376441436613      0.11040891411
0.384539705256      0.110239668117
0.392636416616      0.110007559015
0.400731119077      0.10971359967
0.408823385802      0.109358846322
0.416912815457      0.108944395411
0.424999032701      0.108471380214
0.433081688577      0.107940967359
0.441160460689      0.107354353282
0.44923505325      0.10671276066
0.457305196935      0.106017434894
0.46537064868      0.105269640654
0.473431191247      0.10447065854
0.481486632758      0.10362178188
0.489536806103      0.102724313683
0.497581568238      0.101779563776
0.505620799462      0.100788846127
0.513654402596      0.0997534763708
0.521682302133      0.0986747695449
0.529704443328      0.0975540380316
0.537720791312      0.096392589708
0.545731330179      0.0951917263034
0.553736062015      0.0939527419694
0.561735006038      0.0926769220313
0.569728197624      0.0913655419519
0.577715687479      0.0900198664594
0.585697540735      0.0886411488685
0.593673836141      0.0872306305597
0.601644665236      0.0857895406288
0.609610131592      0.0843190956839
0.617570350103      0.0828204997854
0.625525446262      0.0812949445381
0.633475555563      0.079743609295
0.641420822864      0.0781676615087
0.649361401825      0.0765682571945
0.657297454436      0.0749465415034
0.665229150507      0.0733036494261
0.673156667268      0.0716407065945
0.681080188973      0.0699588302034
0.688999906595      0.068259130033
0.696916017507      0.0665427095942
0.704828725246      0.0648106673831
0.712738239328      0.0630640982506
0.720644775076      0.0613040949032
0.728548553513      0.0595317495329
0.736449801293      0.0577481555889
0.744348750684      0.0559544097008
0.752245639589      0.0541516137728
0.760140711621      0.0523408772597
0.768034216212      0.0505233196527
0.775926408803      0.048700073187
0.783817551042      0.046872285821
0.791707911072      0.045041124497
0.799597763858      0.0432077787453
0.807487391587      0.0413734646642
0.815377084118      0.0395394293445
0.823267139514      0.0377069558019
0.831157864642      0.0358773684985
0.839049575859      0.0340520395522
0.846942599786      0.0322323957542
0.854837274161      0.0304199265353
0.862463459696      0.0286778068519
0.869830534389      0.0270044731707
0.876947522466      0.0253982875444
0.883823110127      0.023857555086
0.89046566041      0.022380539034
0.896883227179      0.0209654737354
0.903083568336      0.0196105758109
0.909074158314      0.01831405374
0.914862199907      0.0170741160702
0.920454635439      0.0158889784366
0.925858157378      0.0147568695327
0.931079218427      0.0136760361682
0.93612404108      0.0126447475409
0.940998626703      0.0116612988183
0.94570876422      0.0107240141059
0.950260038369      0.00983124889496
0.954657837538      0.00898139205839
0.958907361284      0.00817286743758
0.963013627501      0.00740413508593
0.966981479271      0.00667369220834
0.970815591407      0.00598007383935
0.974520476757      0.00532185328586
0.978100492112      0.00469764239701
0.981559844033      0.00410609163066
0.984902594326      0.00354588999453
0.988132665333      0.0030157648552
0.991253845014      0.00251448163614
0.994269791719      0.00204084344295
0.997184038967      0.0015936905783
1.0      0.0011719
