11
-0.000319      0.003255
-0.000319      0.0324577814588
0.0410996447059      0.0408395834215
0.0357432307469      0.0496320468115
0.0750172405078      0.0823133788264
0.170280401139      0.100422972701
0.275232629798      0.116809565367
0.384105817498      0.150815649955
0.542839931812      0.116102477636
0.821371507818      0.0275974048585
1.0      0.0011719
-0.000319      0.003255
-0.000319      -0.018686220423
0.0294600460075      -0.030281519018
0.0746172767898      -0.0729339402353
0.133961744625      -0.0267002562033
0.214111432812      -0.0761488931596
0.342634129137      -0.156133662739
0.542769099246      -0.0198628231888
0.817626379922      -0.0168027565584
0.876356741383      0.0155484304484
1.0      -0.0011719
1.0      -0.0011719
0.999796907      -0.00114614291
0.999584173      -0.00111921661
0.999361345      -0.00109107163
0.999127949      -0.00106165685
0.998883488      -0.00103091942
0.998627442      -0.00099880481
0.998359268      -0.00096525681
0.998078398      -0.00093021752
0.997784238      -0.00089362742
0.997476167      -0.0008554254
0.997153533      -0.00081554881
0.996815659      -0.00077393354
0.996461834      -0.00073051413
0.996091316      -0.00068522391
0.99570333      -0.00063799512
0.995297063      -0.00058875908
0.994871671      -0.00053744647
0.994426267      -0.00048398752
0.993959927      -0.00042831237
0.993471687      -0.00037035136
0.992960537      -0.00031003552
0.992425426      -0.00024729698
0.991865255      -0.00018206957
0.991278876      -0.00011428944
0.990665094      -4.38958e-05
0.990022664      2.925438e-05
0.989350298      0.00010556317
0.98864664      0.00018511451
0.987910272      0.00026793737
0.987139718      0.00035403768
0.986333437      0.00044339305
0.985489822      0.00053594686
0.9846072      0.00063160115
0.983683825      0.0007302085
0.982717881      0.0008315626
0.981707472      0.00093538726
0.980650628      0.00104132378
0.979545287      0.00114901274
0.978389261      0.00125885295
0.977180355      0.00137069434
0.975916312      0.00148412027
0.974594799      0.00159861823
0.973213409      0.00171356465
0.971769585      0.0018294216
0.970260585      0.00194623798
0.968683653      0.00206068097
0.967035932      0.00216905989
0.965314506      0.00227785882
0.963516388      0.00238469215
0.961638497      0.0024803462
0.959677652      0.00255493167
0.957630398      0.00262103077
0.955493452      0.00268188586
0.953263571      0.00273367139
0.950937488      0.00277169836
0.94851167      0.00279540744
0.945982143      0.00281138731
0.943345642      0.00279721928
0.940598226      0.00273126032
0.937736008      0.00265685257
0.934754971      0.00256427016
0.931651136      0.00245381437
0.928420378      0.00232127908
0.925058599      0.0021668709
0.92156157      0.00198886406
0.91792503      0.00178613952
0.91414476      0.00155783763
0.910216431      0.00130163165
0.906135639      0.00101872362
0.901898032      0.00070793793
0.89749926      0.00036794076
0.892934951      -1.0466e-06
0.888200944      -0.00040158843
0.883293093      -0.00083602248
0.878207304      -0.00130554411
0.872939711      -0.00181297272
0.867486499      -0.00236089631
0.861844001      -0.00295142731
0.856008688      -0.00358612898
0.849977276      -0.00426781587
0.843746785      -0.00499991336
0.83731422      -0.0057826924
0.830676823      -0.0066179016
0.82383213      -0.00750607706
0.816778211      -0.00844979908
0.809513138      -0.00944931892
0.802034748      -0.01050185558
0.794341866      -0.01160576878
0.786434222      -0.01276542326
0.778311484      -0.01398229482
0.769973122      -0.01525034229
0.761420598      -0.01657625906
0.752654369      -0.01795505402
0.743676052      -0.01938659448
0.734487739      -0.02086992818
0.725091887      -0.02240255438
0.715491546      -0.02398217107
0.705690329      -0.02560604635
0.695692146      -0.02726944033
0.685501717      -0.02896868994
0.675124433      -0.03070027223
0.664566277      -0.03246033497
0.653833604      -0.03424338052
0.642933468      -0.03604422799
0.631873668      -0.03785837179
0.62066261      -0.03968128125
0.609309243      -0.04150807189
0.597822955      -0.04333300265
0.586213615      -0.04514983754
0.57449157      -0.04695209567
0.562667592      -0.04873285932
0.55075279      -0.05048438641
0.538758647      -0.05219868543
0.526697383      -0.05387020904
0.514581258      -0.05549131709
0.502423085      -0.05705644454
0.490235664      -0.05855830091
0.478031957      -0.05998941996
0.465825102      -0.0613427596
0.453628363      -0.06261166862
0.441455083      -0.06379023474
0.429318721      -0.06487425245
0.417232644      -0.06585950721
0.405210224      -0.06674378219
0.393264494      -0.06752444016
0.381408084      -0.06819677091
0.369653284      -0.06875473892
0.358012093      -0.06919293538
0.346496248      -0.0695100948
0.33511734      -0.06970898833
0.323886387      -0.06977658083
0.312813518      -0.06976600845
0.301908063      -0.06965644103
0.291178574      -0.06945521132
0.280632965      -0.06917823408
0.27027849      -0.06882529625
0.260121615      -0.06839781889
0.250168091      -0.06789925031
0.240423203      -0.06733641247
0.23089146      -0.06671114246
0.221576583      -0.06602458023
0.212481998      -0.06528143713
0.20361024      -0.06448608277
0.19496299      -0.06364043866
0.186541844      -0.06275124619
0.178347286      -0.06182172418
0.170379309      -0.06085644815
0.162637661      -0.05986184378
0.155121084      -0.05883973133
0.147828717      -0.05779569393
0.140758462      -0.05673017598
0.133909639      -0.05564300633
0.127279217      -0.05453476866
0.120866151      -0.05340612274
0.114666375      -0.05225770123
0.108678115      -0.051093377
0.102895812      -0.04991627587
0.097319849      -0.04871983423
0.091946802      -0.047503414
0.086768158      -0.04627926571
0.081779369      -0.04505698793
0.076975767      -0.04384470164
0.072360141      -0.04261147457
0.067924848      -0.04137218949
0.063665642      -0.04012810716
0.059578187      -0.03888046936
0.055657753      -0.03763161537
0.051900156      -0.03638209647
0.048301305      -0.03513206646
0.044856691      -0.03388308403
0.041562604      -0.0326345251
0.038414788      -0.03138732499
0.035408793      -0.03014309377
0.032540276      -0.02890304032
0.029804181      -0.02767015073
0.027196938      -0.02644399466
0.024716839      -0.02522050532
0.022366423      -0.02398867269
0.020145938      -0.02274372223
0.018056536      -0.02148086671
0.016098118      -0.02019797998
0.014268528      -0.0188967766
0.012563492      -0.01758433175
0.010975123      -0.01626979595
0.00949785      -0.01495808869
0.008127194      -0.01365210924
0.006867458      -0.01234807356
0.005717338      -0.01104807719
0.004673556      -0.00975373027
0.003734846      -0.00846732173
0.002903084      -0.00719157177
0.002173023      -0.00592872339
0.001542584      -0.00468241408
0.001014743      -0.00345679825
0.00057931      -0.00225418756
0.000238949      -0.0010798599
-9.473e-06      6.173584e-05
-0.000185314      0.00116794524
-0.00027593      0.00223189462
-0.000319      0.003255
-0.000298696      0.00427827659
-0.000241423      0.00534563985
-0.000112871      0.00645756212
7.8298e-05      0.00761219342
0.000338764      0.00880768903
0.000674801      0.01004203993
0.001093205      0.01131219769
0.001601094      0.01261453726
0.002207848      0.01394359436
0.002921478      0.01529327526
0.003746197      0.01665905837
0.004671557      0.01804561337
0.005682642      0.01946334814
0.006778628      0.02091469491
0.007969647      0.02239398441
0.009265894      0.02389453995
0.010675747      0.02541014452
0.012204861      0.02693639094
0.013855113      0.02847249702
0.015627183      0.03001931164
0.017521607      0.03157858184
0.019538023      0.03315389469
0.021674551      0.03475180181
0.023931167      0.03637724434
0.026311913      0.03803013654
0.028822022      0.03970872312
0.031466327      0.04141179818
0.034249744      0.04313798518
0.037177739      0.04488495142
0.040254299      0.04665284804
0.043484659      0.04843963388
0.046872678      0.05024580414
0.050423462      0.05206962227
0.05414173      0.053909958
0.058032675      0.05576462467
0.062101135      0.05763195301
0.066351968      0.05951006113
0.070789489      0.06139817888
0.075418202      0.0632950568
0.080243171      0.06519759505
0.085267996      0.06710606615
0.090504403      0.06899788937
0.095943701      0.07091113346
0.101591548      0.07283325555
0.107454589      0.07474938648
0.113543649      0.07664990614
0.119856925      0.07853813539
0.126396467      0.08041576254
0.133166613      0.08227779997
0.140168348      0.08412100545
0.147405529      0.08594323258
0.154877984      0.08774095393
0.162588761      0.08951133018
0.17053791      0.09124707596
0.178726936      0.09294551145
0.187155207      0.09460026769
0.195822455      0.09620675654
0.204727622      0.09776160179
0.213868661      0.09925509891
0.223243869      0.10068528835
0.23284952      0.10204274383
0.242682107      0.10332244134
0.252737325      0.10452092372
0.263009351      0.10562778836
0.273492318      0.10664037592
0.284179436      0.10755684147
0.29506261      0.10836918856
0.306133768      0.10907110077
0.317384101      0.10965906771
0.328803845      0.11012557858
0.340382376      0.11045135394
0.352108317      0.11060479067
0.363969479      0.11064455287
0.375952784      0.11050794706
0.38804474      0.11023273815
0.400231879      0.10980722184
0.412500358      0.10923833344
0.424836018      0.10852788594
0.437224486      0.10768260878
0.449651034      0.10670377798
0.462101228      0.10559532548
0.47456058      0.10436227703
0.487014641      0.10300978975
0.49944935      0.10154687574
0.511850537      0.09998023516
0.524204558      0.09831719958
0.536497899      0.09656439575
0.548717404      0.09472869531
0.560850652      0.09281981199
0.572884983      0.0908436582
0.584808846      0.08880897459
0.596610928      0.08672295498
0.608280372      0.08459222716
0.619807352      0.08242647708
0.631182019      0.08023165283
0.642395466      0.07801476577
0.653439428      0.07578286688
0.664306332      0.07354346916
0.674988999      0.07130232319
0.685480943      0.06906486015
0.695776391      0.06683679225
0.705870262      0.06462395934
0.715757998      0.06243091357
0.725435687      0.06026221144
0.734900084      0.05812245519
0.744148351      0.05601477445
0.753178369      0.05394285973
0.761988745      0.05191067254
0.77057826      0.04992029701
0.778946932      0.04797666485
0.787094441      0.04608081499
0.795021437      0.0442356883
0.802728541      0.04244194899
0.810217315      0.04070228866
0.817488957      0.03901593018
0.824545324      0.03738317709
0.831388392      0.03580317632
0.838020597      0.03427557494
0.844444542      0.03279930382
0.850663436      0.03137471791
0.856680321      0.03000019775
0.862498884      0.02867602831
0.868122947      0.02740212355
0.873556096      0.02617645411
0.878802596      0.0249995272
0.883866491      0.0238700453
0.888751809      0.02278614409
0.893463054      0.02174796906
0.898004608      0.0207545323
0.902380624      0.01980341252
0.906595441      0.01889325918
0.910653432      0.01802272804
0.914559015      0.01719025915
0.918316493      0.01639405891
0.921930145      0.01563241933
0.925404242      0.01490370221
0.928743041      0.01420611163
0.931950905      0.01353881804
0.935032158      0.01290116796
0.93799104      0.01229241514
0.940831737      0.0117118597
0.943558416      0.01115889586
0.946174825      0.01063148428
0.948684626      0.0101276354
0.951091377      0.00964521143
0.953398985      0.00918416191
0.955612914      0.00875352729
0.957735684      0.00834645162
0.959770447      0.00796098094
0.961720491      0.00759645843
0.963589011      0.00725216107
0.965379108      0.00692731814
0.967093889      0.00662134313
0.968736347      0.0063331523
0.97030912      0.00606086423
0.971814795      0.00580284678
0.973255905      0.00555769986
0.974634926      0.00532422236
0.975954275      0.00510138346
0.977216303      0.00488829777
0.978423298      0.00468420382
0.979577478      0.00448844549
0.980681003      0.00430046478
0.981736048      0.00412015775
0.982744733      0.00394777042
0.983709081      0.00378343649
0.984631022      0.00362718248
0.985512397      0.00347894841
0.986354965      0.00333860526
0.9871604      0.00320591777
0.987930181      0.00307980787
0.988665796      0.00295969954
0.989368716      0.0028453153
0.990040349      0.00273638847
0.99068205      0.00263266304
0.991295116      0.00253389364
0.991880792      0.00243984528
0.992440272      0.00235029318
0.9929747      0.00226502247
0.993485172      0.00218382796
0.993972739      0.00210651379
0.994438407      0.00203289313
0.99488314      0.00196278786
0.995307862      0.00189602824
0.995713458      0.00183245258
0.996100773      0.00177190689
0.996470618      0.00171424459
0.996823768      0.00165932617
0.997160966      0.00160701886
0.997482923      0.00155719636
0.997790316      0.00150973853
0.998083798      0.00146453109
0.998363989      0.00142146535
0.998631483      0.00138043797
0.998886851      0.00134135065
0.999130635      0.00130410994
0.999363356      0.00126862697
0.99958551      0.00123481724
0.999797574      0.00120260038
1.0      0.0011719
