1.0      -0.0011719
0.997265573136      -0.000811029639326
0.994429190008      -0.000455684954707
0.991487064235      -0.000107746742612
0.988435272149      0.000230725317163
0.985269798276      0.000557485298127
0.981986485735      0.000870107905977
0.978581066113      0.00116599042944
0.975049159209      0.00144236293123
0.97138625699      0.00169630437912
0.967587743215      0.00192476095566
0.963648876516      0.00212457199458
0.959564799319      0.00229249837436
0.955330525784      0.00242525544608
0.950940939365      0.00251954734401
0.946390782741      0.00257210195841
0.941674648195      0.0025797044416
0.936786958332      0.002539227529
0.931721964077      0.00244765720489
0.926473712341      0.00230211225899
0.921036043225      0.00209985757663
0.915402554418      0.00183830983077
0.909566611475      0.00151503856263
0.903521300803      0.00112775927513
0.897259430877      0.00067432427549
0.890773513232      0.000152709677715
0.884055746625      -0.000438999090577
0.877098010423      -0.00110262116113
0.869891834107      -0.00183989532414
0.862428395901      -0.00265249049933
0.854698514504      -0.00354201361734
0.846692630449      -0.00451001501171
0.838691982558      -0.0055204544706
0.830696278313      -0.00656923783473
0.822705186664      -0.00765266398356
0.814718396218      -0.00876736897788
0.806735596859      -0.00991028536898
0.798756477458      -0.0110786047932
0.790780725407      -0.0122697451016
0.782808055029      -0.0134813173335
0.774838176204      -0.0147111053535
0.766870802586      -0.0159570430059
0.75890566281      -0.0172171935212
0.750942495003      -0.0184897339553
0.742981038855      -0.0197729422114
0.73502104384      -0.0210651833061
0.727062264012      -0.0223648993382
0.719104466095      -0.0236705986393
0.711147414617      -0.0249808498342
0.703190886663      -0.0262942720419
0.695234660736      -0.0276095301788
0.687278525647      -0.0289253277015
0.679322269915      -0.0302404032065
0.671365691798      -0.0315535241719
0.663408593038      -0.0328634838734
0.655450779892      -0.0341690975136
0.647492063767      -0.0354691987836
0.639532262862      -0.0367626365862
0.631571197936      -0.0380482729998
0.62360869633      -0.0393249801473
0.615644590068      -0.0405916382537
0.607678716529      -0.0418471334863
0.599710918644      -0.0430903560526
0.591741044569      -0.0443201985433
0.583768948633      -0.0455355542258
0.575794491966      -0.0467353155311
0.567817539081      -0.0479183732731
0.559837964605      -0.0490836144651
0.551855648783      -0.0502299219426
0.543870479508      -0.0513561731152
0.535882349209      -0.0524612395573
0.527891164942      -0.0535439848757
0.519896835065      -0.0546032659232
0.511899283182      -0.0556379303854
0.503898440301      -0.0566468174468
0.495894243013      -0.0576287576813
0.487886647828      -0.0585825711139
0.479875614404      -0.0595070692431
0.471861120563      -0.0604010533258
0.463843149977      -0.0612633160244
0.455821708341      -0.0620926400073
0.447796805568      -0.0628878004006
0.43976847626      -0.0636475633986
0.431736767304      -0.0643706884815
0.423701734639      -0.0650559297227
0.415663459801      -0.0657020356538
0.407622043027      -0.066307751544
0.399577598908      -0.066871821546
0.391530262335      -0.0673929903163
0.383480184922      -0.0678700056387
0.375427551973      -0.068301620178
0.367372552242      -0.0686865962589
0.359315404676      -0.0690237077045
0.351256357367      -0.0693117438904
0.34319566953      -0.0695495146002
0.335133630721      -0.0697358538515
0.327070548799      -0.0698696252787
0.319006756065      -0.0699497273417
0.310942607202      -0.0699750991911
0.302878476849      -0.069944726854
0.294814755901      -0.0698576496826
0.286751864894      -0.0697129673515
0.278690236775      -0.0695098468298
0.270630314599      -0.0692475293299
0.262572568129      -0.0689253380202
0.254517465001      -0.0685426840174
0.246465486828      -0.0680990733335
0.238417126041      -0.0675941125423
0.230372870773      -0.0670275122474
0.222333208419      -0.0663990896261
0.214298623105      -0.0657087680744
0.206269595139      -0.0649565734231
0.198246592011      -0.0641426244608
0.190230070902      -0.0632671179195
0.182220482547      -0.0623303052182
0.174218270037      -0.0613324575188
0.166223875395      -0.0602738171378
0.15823774248      -0.059154529728
0.150260350207      -0.0579745566641
0.142292227973      -0.0567335546543
0.134333980181      -0.0554307174068
0.126607759578      -0.0541035357994
0.119107373634      -0.0527539415884
0.111826941925      -0.0513829508808
0.104760940544      -0.0499906361722
0.09790422915      -0.048576106287
0.091252083726      -0.0471375000213
0.0848002388265      -0.045671996436
0.0785449316552      -0.0441758421393
0.0724829452725      -0.0426443960929
0.0666116727232      -0.0410721980591
0.0609291736086      -0.0394530536484
0.0554342494679      -0.0377801405857
0.05012652419      -0.0360461284163
0.0450065479692      -0.0342433092923
0.0400759018894      -0.0323637185576
0.0353373631228      -0.0303992439674
0.0307950914136      -0.0283416755002
0.0264549386351      -0.0261826825976
0.0223249139935      -0.0239136557097
0.0184159608618      -0.0215253635866
0.0147432722928      -0.0190073608834
0.0113285763838      -0.0163471226092
0.00820409739408      -0.0135290113164
0.00541935800738      -0.0105337894408
0.00305176193566      -0.00734114503039
0.00121768099274      -0.00394220310024
6.21355306309e-05      -0.000372142895898
-0.000319      0.003255
-5.465324774e-05      0.00671787665314
0.000753328616573      0.0102012611266
0.0020909852015      0.0136319652067
0.00390763729502      0.0169604904496
0.00613744909814      0.0201662025401
0.0087169154872      0.023250919616
0.0115933873236      0.0262291004705
0.0147271003465      0.0291196915875
0.018090155747      0.0319408231573
0.0216644484729      0.0347070052463
0.0254393522131      0.0374282386467
0.0294094926416      0.0401104407574
0.0335728513281      0.042756564425
0.0379293320311      0.0453678231889
0.0424798598243      0.0479446848098
0.0472258774988      0.0504874807682
0.0521691532806      0.0529967072626
0.0573117219585      0.0554730948341
0.0626559046955      0.0579175662255
0.0682043415892      0.0603311430346
0.0739600260286      0.0627148459118
0.0799263169525      0.0650695990473
0.0861069483798      0.0673961533303
0.0925060359485      0.0696950258198
0.0991280630154      0.0719664454911
0.105977873735      0.0742103117259
0.113060672661      0.0764261607657
0.120381998705      0.0786131272619
0.127947729625      0.0807699170531
0.135764065803      0.0828947733003
0.143605083522      0.0849266803557
0.151468720794      0.0868692178684
0.159353195866      0.0887253877022
0.167256943505      0.0904977009077
0.175178584883      0.0921882562733
0.183116878972      0.0937988014774
0.191070709335      0.0953307913337
0.199039049316      0.0967854328196
0.207020950352      0.0981637277647
0.215015524295      0.0994665084345
0.223021932608      0.100694469473
0.231039375998      0.101848195744
0.239067084317      0.102928186741
0.247104311957      0.103934878728
0.255150337691      0.104868664609
0.263204452869      0.105729909956
0.271265957772      0.10651896809
0.279334172468      0.107236194466
0.28740842275      0.107881956706
0.295488041639      0.108456644688
0.303572376491      0.108960679327
0.311660781063      0.109394518802
0.319752625583      0.109758664629
0.327847287249      0.110053665404
0.335944152429      0.110280120223
0.344042633325      0.110438681238
0.352142153249      0.110530054269
0.360242152129      0.110554999363
0.368342082859      0.110514330454
0.376441436094      0.110408914119
0.384539702994      0.110239668173
0.392636413389      0.11000755912
0.400731116104      0.109713599789
0.408823385724      0.109358846326
0.416912811709      0.108944395617
0.424999030629      0.108471380342
0.433081686512      0.107940967502
0.44116045674      0.107354353582
0.449235053157      0.106712760667
0.457305196272      0.106017434953
0.465370646603      0.105269640853
0.473431188243      0.104470658847
0.481486629344      0.103621782251
0.48953680558      0.102724313743
0.497581565669      0.101779564086
0.505620799395      0.100788846135
0.513654398294      0.0997534769372
0.521682298019      0.0986747701088
0.529704441253      0.0975540383269
0.537720789177      0.0963925900227
0.545731326165      0.095191726915
0.553736058084      0.0939527425871
0.561735003193      0.0926769224916
0.569728193981      0.0913655425576
0.577715686594      0.0900198666104
0.585697538853      0.0886411491975
0.593673835229      0.0872306307229
0.601644661474      0.0857895413163
0.609610127863      0.0843190963791
0.617570349411      0.082820499917
0.625525443626      0.0812949450481
0.633475554037      0.0797436095952
0.641420819385      0.0781676622042
0.64936140133      0.0765682572949
0.657297453151      0.0749465417678
0.665229146624      0.0733036502354
0.67315666621      0.0716407068178
0.68108018926      0.0699588301423
0.68899990474      0.0682591304331
0.696916014119      0.0665427103323
0.704828722991      0.0648106678791
0.712738238413      0.0630640984535
0.720644773454      0.0613040952657
0.728548550659      0.0595317501751
0.73644980049      0.0577481557707
0.744348748153      0.0559544102771
0.752245637589      0.0541516142305
0.760140710082      0.0523408776134
0.768034214596      0.0505233200253
0.775926407094      0.0487000735825
0.783817550045      0.0468722860521
0.791707910565      0.0450411246148
0.799597762928      0.0432077789615
0.807487391443      0.0413734646975
0.815377083764      0.0395394294267
0.823267139477      0.0377069558104
0.831157864817      0.0358773684579
0.83904957639      0.0340520394297
0.846942599941      0.0322323957183
0.854837275412      0.0304199262489
0.862463460949      0.0286778065663
0.869830535565      0.0270044729043
0.876947524044      0.0253982871894
0.883823112472      0.0238575545625
0.89046566346      0.0223805383586
0.896883230643      0.0209654729751
0.903083572111      0.0196105749899
0.909074162547      0.0183140528284
0.914862203869      0.017074115226
0.920454636508      0.0158889782115
0.925858162395      0.0147568684879
0.931079224048      0.0136760350118
0.936124047183      0.0126447463016
0.940998630141      0.0116612981295
0.945708771071      0.0107240127523
0.950260045588      0.00983124748952
0.954657841019      0.00898139139077
0.958907368832      0.00817286601301
0.963013633607      0.00740413395252
0.966981486859      0.00667369082361
0.970815599437      0.00598007239963
0.974520482639      0.00532185225059
0.978100499373      0.00469764114329
0.98155985017      0.00410609059173
0.984902599192      0.00354588918756
0.988132675565      0.00301576319385
0.991253855466      0.00251447997607
0.99426979826      0.00204084242749
0.997184048752      0.00159368909501
1.0      0.0011719
